015907020
116906042
227901004
036902043
227901130
174906102
020905106
048903190
227805101
188901043
046902201
043901106
139912001
008901102
030903041
094902041
108910105
237902041
043907112
015908113
232903103
220919107
020902108
220912041
043910005
133903107
101903119
058906041
101921116
220901111
046902113
014906137
101912255
046902120
246913124
057836041
227901163
071901039
235902108
015828003
220905187
212906113
240901105
170902115
101903011
220918113
104901101
152901009
125901104
125906101
174904101
247901041
039905001
161802103
057909148
061901106
140904102
108912107
101915131
220906043
166901104
015915180
068901122
015819103
228901102
101912127
152901017
161901001
230906041
101909102
178904142
108906126
049907001
057909117
057803108
079906102
095905002
101919112
057919101
198903041
057912119
126903102
092903041
220905114
220901112
015905104
015910046
228903041
101917111
071909043
015908104
227901030
057912118
058906105
020908107
063906001
101912048
146907102
175903105
101911043
170902118
178902001
108909113
220905003
101907148
188901053
072902101
218901101
101902068
234905001
057913110
161907102
043905048
045902041
129901041
161807006
040901041
094902114
101913001
212910041
083902001
146904041
123908102
219905001
122901002
101912112
101913103
057842001
074909001
081904041
031903102
246913115
015917106
084909001
101902128
223904001
146902103
152901169
101860002
057904110
212905101
128901105
240903046
161921101
170908112
057905112
227901139
061901007
043902103
136901041
009901101
198905104
235901101
014901041
116916041
050902001
221801034
015910113
101912453
188901139
020901105
128904001
015904105
011901108
102902106
015910129
188901126
101921003
057825013
234902102
212905130
070905002
128903101
184903106
128902004
101912383
188901113
165902101
212905125
227901018
015910130
005904001
057914121
250904001
046901103
210903002
101906102
178904143
101912159
084910102
246906042
101912290
079901103
004901041
101910109
152907108
123905103
220901007
101907013
015915007
227820042
220901041
044902101
169901041
057907042
021901015
101860001
057916006
092904102
007905105
057803111
031914002
037904043
057904007
170908102
057909138
161914043
127903102
199901106
025902003
101914042
212905106
046902001
221901107
108909116
161801101
165901046
101833102
249906101
220905024
142901001
061902007
163908042
226801004
068901044
186902102
070912042
170904002
157901041
240904003
128901001
126906041
068803001
028902103
226903103
113902002
108912122
031901008
014909002
254901106
057903010
057903126
015907177
061911102
011901104
101913119
108912126
130901102
101912354
057848004
068901118
050910001
057914126
101912136
015912110
084910128
021901110
021902108
212901001
015904008
029901043
068901047
247901003
108909005
108915041
246914101
152909003
101913126
107910001
043905132
129903101
108909136
108909001
227901150
015833001
126901041
101912050
225907101
137902101
161903106
227904008
194902041
057831002
047901103
152910001
071902114
108910001
045902002
079907047
101924108
057905278
123910047
015907156
201903001
161807013
070912107
227805041
161802101
108807021
057905217
071909104
088902104
220916004
246902004
043919042
165901130
071909045
031912101
073905041
019905101
208902106
141901001
015830101
020905113
057827101
015807001
101910003
239903101
126911001
101912058
205906002
015907123
101910101
108906002
057835102
220905035
152901167
188901005
161914003
084910103
011901002
159901104
015907001
015907111
101914122
188901111
227901182
031903006
220918045
100905105
015910114
214903109
014906113
109904041
101912320
101910112
219905101
071902012
057922109
036902041
234907002
057905044
228901001
170902046
043910111
220907117
227901136
071804001
015915123
105902102
246904106
220908117
101920130
014910103
240903120
101903111
101912024
178903005
101925102
101902132
015910112
101911041
028903041
101915037
246913011
101909018
057905182
045902003
239901102
068901117
178904041
101915119
101813001
137903001
108807135
101912097
123910105
003905101
152901068
015822008
101920128
190903041
101908107
057913109
057906001
057835103
227907004
101912197
057803109
161910101
127904101
214901111
091906109
057905121
165901133
057909147
015915225
101907128
223901041
169901105
066901041
014906111
161920003
015915061
015901001
015907127
220907110
101915101
026901001
220918101
101919046
188901138
220916043
201908101
174904102
240903124
221801062
054901101
057842102
101907146
020906003
220901116
220901010
181906104
101915110
101912107
240903127
057811101
152901184
095905102
020908041
185903102
015915170
220908201
101902119
101917147
101813106
057909041
171902001
145911002
071904101
220902043
170907041
015905041
079907054
146907001
079901108
101915046
057909139
057907043
015805101
220902119
092903042
152901063
167901001
168901001
015906101
101862003
174904043
015910133
108913104
031912003
015915182
093905001
227901179
101912062
067902041
019906101
071902056
071902044
057905099
185902041
161918003
031901129
227806005
105906110
201914041
113906101
057905145
029901102
036902004
079907050
101907121
057914046
220905208
217901001
095905042
133904001
220907115
057905029
212909103
129910001
014804005
039902101
242902001
227901159
126905103
170902014
079910102
071902159
181901103
057905034
147901101
101915127
178904101
081905041
031903111
101912168
057905012
015826001
212905110
173901001
108807120
057905114
184903003
227904101
015912042
165901106
101912207
015915003
015915236
101902115
101862001
101902127
057905050
174904005
057804004
200906195
101809101
015815102
220919106
015910142
067903101
101914002
071905136
094902101
043901003
108808101
249901001
114901110
057909136
071909005
101912016
101907037
220912009
181906001
057912163
061911108
246904109
101912137
080901103
067903003
091903112
220918004
027903003
043910118
084901107
061911010
057905185
107901103
057903131
221901108
220901130
178904048
020901046
061902106
127905001
101912041
112909001
057916101
220902010
014803002
152909041
235902004
015917105
111901107
061901124
025909101
015904106
015909041
108902003
101907151
100908041
020908110
020905116
079907051
184904101
031901128
212905119
227901168
108910104
101903003
098901041
027904103
170902124
018903001
110907041
199901114
061901116
225902003
105906044
091913041
084902041
070801041
101865002
227806023
108903105
220905175
169910001
227828001
074917001
234904101
101846004
071905141
108908109
220905071
108904121
061912041
227824001
246909101
013801101
220802101
227821101
057909111
071905130
053001001
108904002
089903101
101914001
031901138
015915109
031912110
045905102
108807002
220901140
030902101
161903105
111901041
240901010
043905127
014903104
184902109
020901101
166903102
072801146
015910004
101903115
057906104
031906110
105906001
057905275
046802009
066902101
101846001
094901112
251901041
084901011
101908108
057905016
237905003
161908041
240903114
246904107
101838041
015904114
057909112
057905186
031901104
057905147
185903001
070910001
095905043
101920105
050909001
071905007
009901001
057905353
015907024
044902001
057904003
057922042
236902106
170908104
220902106
090905101
226903041
221901128
019901102
058909001
178903003
138903001
227904004
072801145
057848001
034906101
071905004
220907126
021902001
220901145
075908101
057914103
152907104
170902113
043901102
057844101
140907001
057914120
084903101
020901103
128903003
220908103
057905169
126907101
070911104
174903101
061902058
043910113
101915047
220901142
071902108
015808008
108912105
227901125
061901002
101912389
057903105
027903101
108807009
084910127
043910149
101912013
071902143
057910052
031903008
007902001
101912068
057906109
220901129
101907142
146905003
101912012
079907114
068802001
086902041
220905184
178904045
101913005
216901005
101916009
129910101
071905118
071902015
015915193
015907172
057916104
057905232
043917101
108902111
205902041
079907052
227907041
221801052
180903001
057905228
143903101
170906109
079901101
035901102
183902103
082902041
152902101
227901126
129904102
057910001
071905050
214902001
068901111
226901195
227904046
034906041
184901101
178903104
061906002
015904104
227904103
126902042
163908103
144902001
013905041
057914110
101870001
001909001
040902101
223901102
057905102
174801101
220901154
152901066
101917122
015907041
092903043
161919101
092902107
101914110
071902004
057905104
245903004
057914105
184907104
232903108
057907104
144902041
057903002
057907107
129906041
220905010
071909125
057919041
061902005
057905173
057909156
152907105
221901118
101911015
108916001
068901121
235902043
170902071
158901102
031912114
057909005
188901130
015905117
188901047
047905001
121902001
240903126
081902101
001907041
101919048
201910104
107910041
108908116
108911104
220908111
061902102
165901041
043914108
161909101
108905104
032902105
201907101
101912098
057905075
204901103
043905124
186902101
234906104
015910134
101919119
212902001
046901104
036903041
015915060
220902115
101917143
101919110
084901109
015916113
221901045
199901110
071902048
126906002
057905060
057916146
220910103
194903103
031903114
031901034
147903005
246909114
125901042
220905047
220907042
015915188
178904014
138902101
246906002
120902101
108913042
019908104
108909048
108807020
057909155
031901006
108912007
101917137
237904043
229906101
243905104
129905001
200901005
139909109
220918108
101914113
014903006
067904001
227901147
109905041
101907005
140901001
068901002
031903044
057905043
101914125
101902084
229901101
149902101
227901053
101912348
101912221
043905116
057916115
015802004
152901022
123907116
072801108
101917105
014906112
101912148
160905001
221801023
166901002
188901133
061901104
101912128
057910041
234902041
057909126
205905041
220905152
043910119
098904041
095905004
172902041
220916117
071908001
163908105
020901108
070908104
240903112
057832001
152901193
161920041
057913101
241906001
110901001
178909103
071902113
219903041
057905269
108906107
050902102
108909101
004901001
071904001
101905042
090904001
101913113
101912324
101853108
015915045
014908042
234906001
061902128
226905001
061902114
057905030
057905038
133903104
227806035
101920047
220901133
024901103
108911042
241902001
057836101
108909123
178904103
246909012
108807113
246909001
163901041
187907102
057842101
057905220
226901002
229906001
061902133
057905213
057922044
108801002
021902119
101865003
108904111
101908041
057804007
057905196
011904102
101919127
180901041
074909102
011901102
174901001
057906103
061912001
178904106
057848002
046802007
046902123
227901155
220906105
179901001
227901176
056901042
014906103
101920003
175904101
057905181
101912301
079907006
108909007
159901107
101862004
057905142
037904105
057905215
057916106
015915171
227907107
071905052
014909117
013901105
212905114
043905114
015907175
012901101
183902101
246913046
057905277
014906013
101912281
101924010
050910005
101914107
061901040
101917115
104903001
220916042
243902101
227806043
227820103
057910118
031912109
108904116
071902005
220906109
116905103
043908105
061901109
250905101
123905042
211901101
101906101
240901119
025902109
020906002
015907167
129902042
123905041
029901101
245903102
129905103
057907102
198901041
015915107
015910117
220918110
199902003
105906041
049907101
176902041
079907137
170904104
043904002
234906101
161916102
031911103
108902114
057916049
165901128
015911005
101912201
227901180
161906103
245904041
101868001
045903103
101912180
057905155
101912323
025904161
057904109
068901101
030906041
170904101
074911001
108916103
121902101
125901106
015815101
220907003
108916102
195901042
227910108
094901105
101845010
212804103
227803102
015910135
057916145
250907103
057904102
026901042
071902174
057911101
057907103
038901001
084910104
123910042
117907101
109908101
220819001
057905135
108905005
220915103
075902041
220901152
214903108
031906001
019913101
071904041
169909001
015826042
079907118
061902059
175903101
083903102
220905223
101917103
043914106
108904124
043905104
249902110
062906101
059901103
152901165
188901045
071801003
205902104
071902149
178902103
057909044
014906139
243901002
070905105
101913123
191901004
108807107
015910110
220906104
119902001
057909006
214903106
195901106
240901122
061901119
243901001
147903002
158906041
226905202
161921106
161921001
072801137
015907147
020908109
161807003
057905216
057803048
057838006
020905108
096904041
043901115
165901132
101907051
043910105
101919044
212910103
245904101
057910106
071902110
072903104
120905001
061902123
101912082
240901120
043907121
021901042
102906101
070903105
021902046
108909112
220910009
082903041
159901117
178904127
226905007
007904101
061901123
220901001
015907195
190903101
226903110
057905002
031901105
210905101
101917126
108902103
086901002
220905149
108911107
015907210
084910008
057905130
159901041
084904006
057804009
068901112
246913003
170904107
101913002
250903041
205901041
041901001
101911045
123910123
143901102
101913105
161918041
046902119
220908114
007902041
071909131
046902111
220901002
057834004
212905112
020901002
152901024
028902004
140908101
057905005
057909142
101911108
015907119
249904101
227901160
220917001
057905358
014903042
101811003
225906001
227913101
101917047
015917103
057914127
181905041
220901132
030906101
220813101
101853042
057905198
233901106
015909006
108804002
015915046
221801050
101902123
214901102
101868002
212901041
243903101
213801001
057905154
126902110
057916004
013901101
057910124
057905212
071904102
178908001
048901180
057905289
011901101
057907110
246909136
021805102
226908180
092903200
144901101
015907043
170902105
049903041
212903102
221901001
101912463
057907109
108912010
177901001
235902118
057907007
243905048
021902103
071902116
057804001
240901107
123907007
015822003
108904006
031906104
220902041
015915044
074907001
101920108
057903135
220901141
101850102
240901124
071902135
232903044
246801001
188903041
084910048
133901041
057905247
129905106
101915038
246911001
101917049
101803041
212901101
133904101
046901038
178914106
240903003
220907118
184901041
092904041
166904001
101919107
014908041
198901101
181901001
161908102
061902104
108804001
245902106
014909042
226903105
046902125
107904001
057841001
205905001
027903041
108904104
057905056
020905107
119903101
108908039
248902101
018901001
102906001
165901131
242902101
015907161
020902044
015815041
188901127
072903101
227901102
241903001
250902041
015910001
166903041
028902101
061911003
071906101
084910116
019907002
072801112
061906041
057905158
071906001
061903001
101912173
191901108
226903116
247906001
220918111
101917124
178913001
057911001
176901041
161914050
152901178
071902140
057905264
071902102
027903001
014903043
212904041
099903102
015908001
043905138
061906101
170908103
101912459
105906046
227910042
184908001
213901101
101920121
247904003
159901118
057803004
057904101
015915108
220907114
101912395
015915002
015912105
185904001
102902042
128901005
220901137
015907150
101828101
015912003
126908001
101924111
240903043
019902041
107905103
159901004
185903041
105902105
188901170
161912005
014801003
048901195
101912017
068901005
170908003
057803009
246909126
084906103
184901001
086902101
015908040
084909104
101915004
101912349
237905002
015908037
031901003
057909054
205906103
187907101
101902121
209902001
015815001
101912338
014906131
220906008
158905041
236901101
220905082
071909109
020905102
170903102
220905004
101912144
188901114
084910004
079901041
101921115
015916001
071909107
176901001
072801139
227901148
220816003
079901044
064903104
057905222
234902101
043901117
057905115
146902101
015915016
015915179
235902125
101912055
015911044
101910111
105906004
031901007
114901102
043910054
123910130
015910124
179901101
101907105
101902114
101912114
057905051
101912064
101912060
091914001
093904002
035903001
108909129
021901003
101813004
057807002
220905227
011901022
101913014
093904005
101853104
057842002
185901101
101917119
023902001
019908041
220906041
057916116
220905166
061902045
220809101
178912001
159901119
015915049
101912242
220901107
152903042
057905159
199901107
101911111
116908003
034907101
234903001
072801121
170907001
015905124
221911001
101912125
084901106
114901108
015908041
108909131
031903043
057905073
226903104
074907041
223901101
226903123
043905128
188901107
079907128
220817002
188901140
108916106
071909007
100905001
181906102
070903043
057906106
088902003
101913110
161807008
101909041
049902101
227901178
108904001
061902048
101912371
057845001
220812001
220815101
070908103
178915001
015807004
249903102
212905115
043905056
171901041
043911101
101907133
067902004
015915118
031912103
030903101
031905105
061914107
227816101
013903101
108904118
014903116
057914007
101908001
101919123
240903047
071904104
220919102
061906001
220905207
220908115
220818002
100907001
101915124
170908007
084904002
071901045
101917043
015907007
127901041
191901112
015907047
020901104
075903001
015910002
130901001
057838010
227909005
037907100
108906106
169902041
201904001
043914003
101902113
015910103
013901041
020901113
101919013
133903101
043910124
199902102
062904041
031914041
101920118
145906001
201902107
057905234
175903102
037907041
014803004
101912244
031901004
124901001
021902115
105904101
057922007
193902001
240903002
031914001
188901123
162904001
170902074
221801040
115901004
227901111
220905219
003903129
071909105
015907103
071902006
081902002
066903102
045902101
015915152
046902114
092904043
226901006
254902101
057910122
015907105
029901003
216901101
003905103
043902003
043910004
226907101
117901106
061802002
106901041
111902003
226903106
057912106
227901120
147903042
101912264
139909112
243905116
057909116
220908044
221901208
101902110
100905102
161921041
227806020
191901043
061912105
246909111
043905136
191901041
015907055
071908101
220901148
220905064
158902102
226908101
019901041
101912289
163901003
110907101
227901123
133903109
108909044
071905119
250902101
015910056
117903041
235902044
221801026
003903130
101920119
220914102
057906003
071901041
057922106
170902116
115901041
057815101
178906001
220917003
015910003
175903103
032902041
101912357
101912228
116905106
233901102
101913107
071905046
181905001
178909042
003904001
140904103
021902015
057909009
057905160
061911114
227904045
091906108
132902001
101912214
220916102
220918107
101917139
057809101
001903101
061911117
101920132
101912247
227814001
225902102
057905301
057842041
070910041
220816041
043914103
111901104
221901142
108807022
227901118
101917128
220905162
232903102
101920006
048901102
003904101
101912380
101912455
043901116
079907127
076904001
227904116
101907103
101902062
040901102
227901149
079907121
101907145
015915191
246913005
105802101
220901113
220916118
227901151
220919003
227910107
015915189
220905159
220905130
220907109
108904105
101914115
015915008
020902103
021901202
199901101
057909122
020904101
188901120
178904008
220901121
096904103
225902103
091905041
084908106
057829001
073905001
230904001
225902042
246913103
057905163
237904002
161914048
145906101
227904108
123905101
165901112
070903107
057905028
057905011
015904001
212905103
105906116
220904105
178908041
101917141
015910121
101912105
015907155
170903106
178913041
042903001
057911102
108906103
166904101
108902106
036903003
101903144
101822101
101813006
046901001
101912001
031912108
101915128
108904127
108807013
196903103
084904048
220905086
015915169
108907102
002901002
178904111
070912004
057905141
188902102
111903041
101902122
178912101
246913043
170906042
101912273
101909103
057905189
230903102
220905117
014909198
220905058
227909042
101845003
116905001
101905007
125901001
015916005
184902001
101903046
101907115
101903106
101917112
108807004
061902129
113901102
020904001
250906002
031903106
228903042
057803044
212903104
101921002
101829101
101915044
096904101
101915125
101903042
227901188
015912111
137901110
102904108
015915006
015834002
015907174
098904001
108902113
220916041
061914105
084909003
079907113
220817001
057825001
220905008
015815105
170902043
031903007
057905134
057903047
150901041
101907043
043905119
108807115
126902107
225905101
101903102
015907058
191901106
057914112
092907042
015911041
227901101
101917051
043903041
015915141
043904101
220905212
070801001
227806024
247904004
152901065
101907106
194904002
049908101
057910138
152903101
101902116
108914001
043910128
143904101
125902041
057909103
101917042
079906042
116909001
057905077
072902041
178915102
031912041
178914004
101920106
071807101
108909111
101813111
093904104
003801103
043910001
100904101
205903102
057905382
057903118
015910160
249904001
057916129
228904001
163904105
146905041
126902105
101914109
243905129
086901041
123908103
015905042
220910043
124901101
057842103
071909003
037904103
068901127
077901041
101902104
161914004
057903103
161919005
161903004
014804002
020901107
178904136
071903105
101910104
126903002
183902042
101903001
227901146
101846002
101910102
161908003
041902005
061902012
246909131
246909116
007902005
015822009
057903044
031912008
161922004
195902001
061911101
170906102
043905041
138904001
031901048
015907003
009901103
116908041
057905273
021901109
101902052
129904101
109912001
121905041
020908043
024901041
108907002
227910106
101903101
220901104
015910143
243905009
014801008
246913002
079907149
123910004
238902109
170902122
227907001
019903001
226903042
246913041
071902171
061901117
220901048
188902103
057905271
057909133
057904043
227910041
101915122
112908001
007906003
188901121
174904105
084904041
247906003
199902105
015907168
015915230
043901112
227824002
108904047
101907155
070912002
057904002
061903102
227910109
101805041
057904108
015914101
227901173
178904104
106901001
114901001
240903105
057905015
015915119
015915165
178904125
246911010
043914109
031901043
062901104
015915101
043905137
101915049
146905001
011902041
043910139
057909050
062904102
091901101
227901191
061902122
166905001
057905172
246909011
057910045
220905206
043905108
199901044
014906053
126903103
048901001
043910116
227803001
071902148
246913105
101914033
070908107
003902102
092904101
071902131
101920048
007902006
015907164
019914101
101912044
165901126
226903122
101906103
021805103
170902127
101914106
112901041
220905126
201910102
071902147
220916110
105902109
178904055
079906008
037907002
227901113
101917123
220906103
057909010
113902041
079907122
015901101
108906011
170906107
120901104
079901122
084910108
123908002
108907108
057905176
057805101
062903002
071909004
182903002
170902011
101914116
101813047
101906004
178904050
123803101
178904110
101907156
064903103
159901120
068901125
146903101
043907002
015907244
159901001
071905124
021902101
220905045
101902043
101917133
220902103
102904107
101908104
086901103
161916042
015913101
243901101
057803043
093905101
061902111
112910001
068901107
178904057
079907139
057905200
071901004
071905112
015907158
001909101
108916042
015907050
101811006
146904042
101917107
101838004
057848003
184909101
112901002
057916117
101912120
199901042
243905112
101838102
019908101
233901111
015910108
161914006
237904107
207901041
102902108
212904102
178904121
140908001
101915121
240903041
189901101
079901115
123910127
112906001
057905270
003905041
036902001
129902108
101914112
043912042
240801002
101858003
166901041
166905041
101912254
101913104
005904101
070909001
101854001
031916004
079901111
071905002
188901102
052901101
114901111
108908115
227901028
111901106
070912112
075908001
101915129
015911004
024901101
015917102
230906102
220905147
043910136
068901119
234907101
139909002
126901003
095905106
108902045
043911103
020908044
071909041
079907117
057914109
101914007
093903001
071909010
057848009
091909001
015908039
057914044
188901115
203901102
025901160
057909045
015905003
188901125
176902104
205901001
101913112
116915101
057909140
246913004
220905043
084902006
243903001
094903101
219903001
043912101
247906002
062901102
247901002
015904045
110907001
212801001
057807101
212801101
253901106
079901102
170902103
111901042
043910008
235902102
108913009
101909104
167902005
072801129
040901001
152906042
109905001
235901001
057909109
221801025
109904104
084904045
152909102
100903041
071907102
101902041
116910001
057912102
015907132
101910113
057912006
200902001
246909115
057804008
220916001
084901101
169911101
046802011
042905001
082902001
170903105
061901107
043910121
101919117
043907045
030902103
046902115
153903001
014906122
220901147
167903001
158905101
015907102
019912041
043910106
031901120
043905122
241906101
227901045
068901123
249905041
070901001
214901107
136901001
043905106
079907130
090904042
171902101
238902108
199902042
100904041
237905105
071908044
070908106
146901104
220908121
236902103
108903102
108909120
246913044
071909103
020901043
109907001
101917101
227901251
057916045
129906002
227901061
101912059
152901160
220908043
043908101
178904107
108911004
061901003
071902166
225902104
015910131
101912484
204901001
061911119
020907107
126902004
226905101
182903001
015907129
062903103
220918112
108904128
043911001
152906101
101912392
071905043
158901101
220912105
008902001
212906111
043905045
175902041
057905356
170902002
003903127
074909041
152901195
146902102
220901009
074905101
123908003
043910009
216901195
125901105
016901101
199901103
246909108
043919101
101917125
246913102
101912147
071902057
073903102
101907137
247906004
228903103
083901001
220912012
072801104
101912211
021901001
208902004
020901041
061908101
101914134
220811102
206903001
059901042
025902101
119902101
220910001
100904102
178904015
116902041
092906006
071901009
112906101
220905169
084910107
015908107
212905003
220816001
019907113
014801006
101902002
108902102
239901041
108909046
071902022
031901126
128903001
237902001
014906116
057922110
101914124
229903001
057905164
152901179
057835101
170907101
101912215
129903001
101912079
220906110
061908102
043901002
101919104
108807101
246913125
101914139
220907129
057912044
129901103
116902001
161914110
101912081
057910132
095905101
101912390
107906003
101919050
165901003
210902041
101913013
220915107
073901001
101920129
222901001
026901101
123910129
072801131
108904119
108807105
084910117
226903114
184909001
247903003
161912001
057916144
057909101
108807036
099903041
234907041
170902054
015915056
061902056
108911001
101916032
101917039
015815103
057909125
025902041
178909041
057905202
071902003
101912010
220905083
079901114
029901107
220918044
071902142
043907126
057912103
101913015
101917109
057916112
178904141
080901102
174908041
101915105
101914101
057905205
247903002
046902102
015910111
057905287
170902112
031909102
057916108
101912027
015836001
020908105
169901001
101906001
015910053
057913107
015828002
015907008
187903101
200902002
246909047
021902113
101914103
105902103
220908119
101912045
215901101
220902117
014905041
101921113
101912477
105905001
161906042
014906052
092902106
101902099
043907119
114902001
195901109
108801006
059901104
057905036
015915151
014906115
101911044
101919128
067907101
057905184
097902102
057905103
152901188
101913125
057910047
101915039
232902041
220906038
246909128
101907010
013902101
072902102
019905041
246904197
108903001
075902102
105906003
108908004
061907002
079907138
101912162
057916051
101912252
031901044
101858007
057909145
057905174
089903001
220905178
220905132
240901111
031803001
114901043
061902134
057912121
241903041
031911041
057914124
108912049
220916113
101902136
102902103
121903101
057848005
015910139
174908101
057827102
020905005
015915116
123907103
101840101
220905050
101912372
021803102
101907048
109911101
089903003
199901102
101913111
045903001
247903103
061911043
081905002
220905016
178915041
206901101
210901041
084906109
108906046
108909004
101914130
019906002
108913007
174904103
101811008
246913112
014909116
057913106
246913116
227901166
220901119
072801135
101912276
014909102
220901051
057905204
203901101
212902041
227904048
034903041
108913102
091906106
178912002
079901133
043901001
230908041
220907004
241901041
079907007
125901041
108904122
043905129
246913104
007906101
101912203
170903104
182902001
183801001
011904101
071905047
030903001
230906101
071901105
071905008
072801001
246907101
014910041
054902102
057831001
161914106
005902101
101903120
108902104
014903118
015915019
012901001
020901109
105906106
101924043
010901001
071909113
015910123
073903003
011901041
071902125
057835001
191901110
101902070
101912353
020908114
101921110
015907136
101913118
101919003
071905107
101903143
125901043
226908005
248901001
015915124
015819107
106901103
094901001
174902001
108906130
068901042
199901105
229903102
011901109
071902032
101915116
182906101
031903122
003902101
046901041
031913041
061903101
079907042
071902055
159901103
057909107
019905001
022901001
015915144
057905250
227901029
170904106
101913042
243905126
054903102
240901041
070912111
101914129
220912029
126908041
108911105
084911103
137901041
108808103
221912103
123914041
015910012
003903125
101915043
220905154
015907046
240901116
043914102
201914001
057905235
199901004
101912066
161914129
015908112
214901112
170902050
066901001
061901047
123803103
031905103
170906002
179901102
108904126
080901001
227901017
128904002
015915160
188901108
057916052
101812002
015907201
188901046
057838002
240901102
031901055
057803010
169902001
061802004
235902114
101813115
068901115
220918003
170902119
101813003
188901004
008903102
101846006
191901001
015915149
178903001
130902101
015911106
072903041
193801101
061911110
227901194
057905074
227901057
105902004
070907101
101907127
015911006
043912041
152901174
123910128
098903101
200904041
101821001
170908001
161919001
220905006
019901001
108909117
084910118
101801102
057910010
014909111
057905171
101848102
054903041
220916108
246906041
071905045
061910001
246908101
220804002
226908002
061902116
071905001
161906106
220912001
073905005
167901002
071902158
152907043
101912322
220901123
037909001
220920105
015830001
031901142
057905101
129906103
101858001
152805002
092906002
215901103
079907044
188901106
014906026
232902001
148901001
074912101
101917131
071902178
105905101
015916009
243905114
067908101
199901108
108909011
061902053
160904001
057910113
061908104
227803103
202905102
061914103
021901104
101907050
067904042
015907182
249905104
126903001
227901190
057905208
015914001
031901110
031913101
057913041
101912033
227901024
057803106
043910104
182904001
101905101
101903109
242902041
043907118
020908104
194905041
170907010
101914118
015815104
240901125
109907101
220912104
043907102
242903001
126903111
221801005
093904041
143902001
174909001
120901004
101912332
158906103
199901043
034905002
150901001
177902001
006902101
102902107
057914118
148903001
101914043
170906106
161923101
101920046
088902041
043910006
159901111
101905102
020908101
174904002
227901119
185901041
101845009
101910042
019908102
220902112
123913001
057909135
070915043
036901001
220905110
212906041
161914103
101912051
071909112
101915106
101903116
011902004
212905043
221912105
020905115
101912287
015904110
152901168
240901043
101914126
240901123
101917106
188901143
043905109
019905103
129906004
079907016
101902154
126911042
101837001
071909011
101912350
108908102
220918006
234904102
091902001
227806029
178904118
012901042
108906123
043912002
123907108
244903001
047902001
057910051
105902107
108807014
187907103
108912005
108909110
178914105
069902001
240901042
245903041
221901102
220907103
101916104
243901104
161907001
184907103
101919009
178904002
146902002
015908101
071905138
068901133
043905053
079907041
049909101
220907106
061911106
076904041
062901041
057905033
092904001
108902048
057910053
071909128
227901249
230903001
161914121
015816001
071905049
056901105
101912267
057916120
175904002
101845004
057846001
243905045
240901007
101906002
061911007
011902102
221901113
206901041
101912456
214903105
126901104
057910119
070911041
234906041
101805001
178906101
225902101
057910128
175905101
039902041
139909111
221904102
220918043
091903113
068901130
178904004
021902002
199902043
043905009
020902110
101907110
207901001
165901045
019902102
101914052
220916116
101911002
175910001
043905112
101903047
073905004
174904110
254901101
071902121
071902053
101912195
178904049
153905001
178909108
108904115
061901122
205905101
057914122
043911104
198905042
064903041
226906195
123905001
043911002
015915130
101912218
043910011
249901041
220902042
101912355
220912108
212905104
101914049
145906041
108909107
205907041
234909001
101915109
064903101
163908104
250903102
057903045
015916117
057916107
227904104
034902001
152901020
101920102
220905216
244903105
130901101
220905171
108912042
038901041
221901117
043904102
092906102
210905041
101911003
101919118
140905002
010902001
014906121
140905102
227901115
043907006
177905001
227904110
210901101
015820001
105906109
249904041
181908101
227804102
101919103
015907106
227827001
079901121
101912241
071902118
246913001
046902104
249905101
071902177
061911113
208902001
227901157
234902001
061908002
015806103
108807112
247903041
037901001
061901121
165901108
043905135
200906103
123807001
220901054
227901006
108912001
057815041
033901001
057905279
108912116
201902109
126903109
021805041
015907149
072801116
043907111
061902120
057912107
178901101
237902101
107906104
220918042
049901101
037907103
240903132
101917003
178904153
240903119
031901112
061902130
220908206
152903103
008901041
101917116
101914048
101912171
043911102
015910136
043910108
071905120
015913001
221801051
084906006
101912374
166901101
046902046
226901102
057910135
170908041
240901101
071909110
145907102
246913113
015910104
025902107
108909118
057905137
031905106
212909042
108904106
123907010
109911001
057847001
108902007
126902102
031906109
057909181
062903041
116905104
072801109
123907109
220902104
057914117
015915102
144901041
043910047
071905010
101907041
178903103
071902128
057833001
113902102
057914123
243905101
199901111
101814102
227806042
101860005
196902102
126908101
221801020
101915118
057904103
170907104
079901001
057916110
246902002
015904113
246909004
220908122
101921107
101920112
061908105
043910161
003903001
101911118
046901109
037901101
061914002
057909053
184904041
211902041
227910002
220902002
204904102
101907135
221901007
108912043
220901157
020907001
227901044
049905002
061914001
101902134
101914114
101813110
220905156
247904041
043901107
014801005
102904002
152901190
105906101
008902102
057910101
043901043
250903101
066902041
057905118
043912105
108905002
220902109
058902001
094904102
220907043
101919125
089905102
165902041
101914127
187910001
100905004
200901003
226903113
015910127
046901102
220916121
101903105
101902129
108902001
220905107
152901067
220916007
068901045
071902104
071902049
057904041
179901041
025904160
240903045
108916004
111903001
246904004
079907142
057905124
015916043
095903002
227901013
015915059
170902070
015916119
101912078
070903002
220905186
101912262
227901124
147903101
021901101
116916101
220907113
159901109
188904001
061905102
020901106
174903001
031906102
015916107
101907126
047901101
101902120
071905135
165901118
020908115
070905103
097902001
123803001
075901103
128902003
019908103
184907110
125905101
021902116
101902051
110905002
015915157
143901041
084910123
117904101
226903102
026903042
101917144
100904104
101917114
037904002
015834001
031913005
014910042
227913105
101919018
071909009
057903006
101920042
057905013
101914005
041902102
165901044
101813041
155901002
170902129
101914050
247904002
222901101
108912111
015908106
073903103
057825010
101912111
227913042
101910044
229904001
246902041
181907104
057916119
249908001
021902109
126901102
049905042
079907002
073905103
220904041
079901117
007904041
126901101
161910041
127904041
061902126
015835001
212803002
081904103
084902114
108904120
101917129
240903006
126902041
015907002
161914116
220908007
071902105
098901101
227806036
101803001
015823001
146901003
015915178
091903045
101915111
092901105
101913046
031912004
020902005
220920101
210904002
021902105
139912101
152907107
061912103
101902126
179901002
227816002
043905047
014908001
084910126
108909106
220906101
101919126
220915042
230902002
140908002
074912001
201904101
014906120
020905043
020902003
204901041
220907105
161914105
022901101
123905104
227901005
015904115
108802103
057903009
084901001
050910041
015910048
071902160
101912212
246904001
188901050
057911041
014804006
227909103
105904102
015802001
015915133
210901104
108910102
031901053
101852001
101921105
101919002
121904043
235902104
108913043
152901158
101902042
220902044
127901001
101912265
123907113
220905167
101856102
077902003
220904102
108904129
084910003
101907052
221801022
084906104
123910104
071905140
005904041
020908103
246904042
014906136
043902101
079907115
057905177
101912009
133903041
101902067
101902131
184801001
236902041
109904001
036902101
169911001
154901101
101902001
057903109
220907041
161914444
101911107
220920106
057905022
181906041
220915106
101912061
057916008
101902072
101912268
061902113
020905042
227913103
025901101
014902001
240903001
227901110
199901113
101920115
021902045
101847101
220906042
015915198
101919043
129902103
105902043
046902101
019907005
061911011
043901109
199902104
015907124
101920001
043914042
220908006
107901102
057909108
101911103
015819105
220905015
043910050
101911112
221801056
057905167
061911107
016902101
108909043
129906101
061912002
057803007
015911003
230906001
108807005
057916105
057910002
130901042
091905101
003905102
071902129
123907105
061902010
034907001
102902001
101912222
057803113
001902001
220910104
149901001
067903041
246909119
165901004
165901134
237905041
235902014
220902047
240903123
243905208
101912002
159901003
152805001
043905130
220905143
101912130
074912041
152901156
084910051
227901174
101917142
108911008
229905101
146902041
071902162
101912140
084901043
108907109
007904103
125905001
152909101
101912479
186902001
015831002
121904105
221912106
212909101
057903003
178904056
135001001
057828003
043914001
061910101
089903002
101912359
205906041
214901103
170902121
028906001
227907101
057903124
067904101
233901002
099902101
090904105
061902009
220905217
001907102
057914128
079907143
220904042
108906108
161907004
015917002
031901115
122902001
165901042
238902107
031906105
220901105
149902041
240901108
101912174
205903042
061905103
101913043
101916101
057903041
152907103
057905125
220906102
021805106
205903001
057804005
227909101
226801001
043910127
057912120
101920111
005902041
057814005
057814003
212906042
014906007
108909102
102902116
091908001
133904042
057906041
016902041
181908002
126902103
198903001
101912014
108908112
110901003
003904041
143903002
250904041
202905002
220905252
134901101
243901041
109904109
061902013
031901001
220907107
101902108
015910106
014906045
020901004
227904041
170902069
101914128
015907241
227901108
079907112
220901150
015910126
108907106
057922105
043914101
119901001
015808003
112901102
061911042
071902020
079907043
178904151
041902195
091914041
220901011
175910101
101902004
079907147
178904149
101837041
014907041
092906005
057905175
122901101
015805102
043907123
214901042
221901008
101912054
174906041
031906106
144902101
178904043
071905139
246909008
071905121
057916135
057916132
081906101
170908111
007901041
033902041
094901041
054901200
114901113
168901101
101828002
101902081
101925041
034907041
184902106
015807005
071908041
108914101
101902012
220905042
067902001
101853106
246911041
102904102
071902041
079907013
001907001
015907160
170902049
253901041
253901001
205904001
015910059
094903001
161907041
101907138
192901001
101914003
227904118
194903001
015915122
137902041
110902104
015915162
220919104
220908126
101912279
034906001
037909101
156902001
068901131
101912157
220902107
101924012
127901101
108909006
178902101
026903101
163901004
108903004
101845007
071905003
101912295
101912342
092902042
149901102
126903101
077902041
101907042
246909117
123910110
003907001
214901104
101915001
015908105
171901105
165901127
057909115
178904157
036902042
152901196
110908001
084901105
116905107
084910101
043910112
101912036
221901151
243905046
116908101
101903108
015808006
188901001
220901158
071907105
152901011
071902027
057905224
227910005
188901112
234909041
014801002
108903104
092903125
105906113
170903003
101912025
246909102
152901192
226903109
001908002
170902041
101919115
108807012
042901102
108902046
013901001
213901001
014905101
091907101
019906102
220912101
220918103
015915234
057912003
043905134
220905105
041901101
102903002
117901001
143903001
128901004
083903041
082903001
146907041
220902102
108909002
020905006
241904001
108909047
161906004
068901113
108807008
108905001
043911105
057905359
220906001
057905236
043905052
220908304
101903107
015915131
188901048
227901158
227901056
108902116
101920110
170908002
161910004
101913117
231901041
021901108
240903133
129903103
188901124
149901041
031903045
079901106
108908110
227901186
108908043
220813005
071901044
015910120
070908044
171901002
015915048
152910003
061901118
061902125
105904041
084910111
015916114
227909104
137901001
101907107
015910138
226903115
084802001
126904102
043905055
050901001
161807005
014906051
123910118
120901001
246913109
108910003
227901048
001904001
213901041
074903001
057837101
227907042
108913111
028902105
019906001
057903102
166903001
071902112
082903104
227806037
101902124
049901041
170906041
014804004
126905003
015915062
101916001
227913041
101911120
101919120
083901101
054902001
057905357
161903041
101910116
095901003
152902001
101907111
089901042
057922112
235902103
101921042
150901102
084801101
061902118
071804002
101912080
126902101
057803046
052901041
061802005
225902001
043910148
108906128
108904109
057808101
227826101
246904103
031901046
101925103
079907136
107901001
031912106
220907102
057905062
101912155
001906102
227901116
108911102
057807102
022901041
236901042
057903005
101905103
014803001
247903104
101917013
092903124
221801043
123905003
216901001
220915041
220905165
071905113
015825101
113901004
161912101
101814101
200901001
180902101
101907120
021901201
015916044
014909101
061902052
056902001
188901122
101919111
134901041
031912201
015822001
071905016
161916198
108906122
170902106
071901042
015916111
101920109
062905101
041902002
161924101
101804004
101813045
101916103
246913121
208901001
092903122
071905132
015904007
101917140
015910144
108910041
101907009
015826041
068901102
057904001
101912186
101914104
246909046
095905108
220919108
220902114
101910107
178902102
101833101
220908202
227904043
101912169
072903102
095905044
101905043
194902101
025909001
101845006
057803003
159901042
123910008
018901041
101914137
220905228
015915187
101912123
071902047
057905110
108912121
019907109
108907103
210905001
032902103
231901102
070910101
108807121
158902101
061911001
086901104
184903110
108801004
101907147
123907117
057905305
101917134
057905046
014909114
101909108
249902101
057922107
246907004
015915005
057905006
101911014
015911101
071909124
077902101
101902117
043901104
220905226
110902105
025902108
108903106
235902008
101912131
057907108
061901115
101912008
101905005
227901117
057916125
101902046
161903108
161903103
101912047
101915002
232903002
079901109
101912122
057835104
068901116
057803008
043901111
057833002
075902101
111902102
101911101
019912001
014801004
004901103
212905109
101912253
108909134
129902003
223901001
170904103
214903041
076903001
123914002
037904004
101911105
178904140
015805001
108912123
246913013
043907124
015908108
070911001
057907041
200904101
084910046
220916122
232903001
015910146
101853101
101914119
184907009
152901015
068901114
020908106
246909109
072802002
101903205
101913108
105906112
227820104
200901041
015907116
071901104
061911109
126903041
015904003
251901001
107906041
235902106
109910002
116915001
227907002
246909041
093904107
220905125
117901104
220912112
036901006
127904001
220901110
129906102
101913106
121904104
161919004
220811101
015915145
079907134
045905041
042903101
070903104
108911109
101912172
043914105
101912139
159901102
108904040
079907120
014907001
178904117
101903112
087901101
031912042
101907131
181907101
105904103
057910120
031912117
031916005
101912243
170902114
101915041
101903141
246913010
103902001
113906001
233901108
123910046
240901112
040902002
101912004
071907001
057905042
015907101
071909048
220912042
057907111
107905001
240903009
068901004
139909008
252902002
071905106
061907041
068801002
043907115
085902040
015916109
108906119
220908124
249906050
057905183
043904041
220816101
084902102
071806004
101917001
235902110
223902001
015916042
084910129
101911046
078901001
105802041
226801002
220901109
101911122
101912300
091906102
158902041
238904001
101912308
214901003
007901101
161907101
043905125
031912009
201914004
019908001
015912103
057905197
101912258
101913116
221904041
015910057
126906101
043919104
128902001
031906108
112901104
243905125
061907102
123908001
196903001
020901047
220905055
101902083
068901104
071905109
108801003
220908118
057916121
101913122
161909041
145902101
161922102
084910049
057912045
014906002
161910001
082902101
084909041
220905118
084902044
043905115
033902101
178804001
091906110
108902109
129903003
057914108
031901131
057909141
071902107
152901021
116909101
091906037
101908042
241903107
126904003
128902002
022004001
234909101
046802004
227806030
109905101
070912104
152901064
001908102
020908004
100907103
154901041
061901105
101903124
007902101
051901001
221801011
072801118
101850103
071905033
123910101
101912271
071902109
019907108
101902130
123914001
101903005
057905068
145911102
101912486
161921004
019912102
084910106
057916042
103901001
220907116
152909001
095905041
015910118
071905103
188901132
220906004
031901113
108904039
191901003
227901052
240903110
101916002
015911001
246904041
220908120
057913103
015915181
187903001
057914106
246904110
161920104
101912166
161807004
054903001
113905001
226903101
021902117
220905059
152909004
057905211
221801053
061905001
015916110
246913048
101912192
178904158
068901129
001907101
057834001
234903101
246908001
057905139
072801102
057905153
205904041
146901004
227806034
220905127
037907102
178914101
014910001
057914119
071909121
019909001
221912001
140905041
101913047
070912106
091902200
101912108
246909123
145911041
101913198
071902138
189902001
085902041
159901121
170902109
101917102
143906101
108912112
003903124
101804001
220905224
240801001
152901175
061902015
015807002
043914002
057906107
227904001
101912020
220918102
061902002
061911111
101912360
221905001
031901140
057916103
101920014
137901042
025902106
235901041
161916101
057849001
101902101
101912099
101912104
108911006
057907004
190903051
057910109
220902012
245903001
015906041
021901002
183902104
221901104
025902001
043914041
123910045
057905230
019902002
101920107
212906001
015910058
057825004
020901115
246909053
248902001
049902001
126902108
252903101
108913003
221904001
014906108
057916003
214903101
034905102
092903117
007906001
071909111
175903107
220905119
011901106
057816101
015916003
015907107
071905111
177901101
220901122
220902046
027903102
101912364
164901001
057905066
015910005
116903043
101915034
043910053
220908004
158901041
057907101
015912001
130801001
079907053
057905129
108916041
101912135
043905054
220918106
072910101
101917041
101907004
166904103
015910141
109910101
123905102
043910143
091903103
093904042
057912114
084910122
014803101
015808001
108906047
014801001
220912043
015910119
101912075
170904043
161807012
246904108
220905070
108909108
020901114
057909123
147902001
121904103
057803103
231902001
015907014
015915054
123910125
178901001
101912237
246909113
079907010
057807104
079901112
061901110
220908002
010902102
020908113
020908001
107902101
031912115
220904001
152906041
108807011
248901041
152901170
101858006
137901109
220905081
031914101
068801003
057912043
178914103
014909115
174906101
100904002
031913006
108909127
235902006
101861101
249901101
005901101
070905104
220905148
246909120
246909132
220908113
220905222
220905062
168901102
101907132
181908103
108912108
003906004
072801141
252901001
046902122
071803001
074911101
152906104
105906111
043910138
057905055
031906003
015905110
234905101
246906001
061901108
221912101
227901019
066903002
178904001
030901001
108912118
246909135
092903110
057905026
221801055
015908114
120905102
126905106
239901042
068901003
057905037
057910004
108906121
057905263
015910070
084902042
237904104
015907051
175905002
058906001
057905049
089901001
241903103
101912328
014801007
227901185
220905134
070801101
152901161
057905161
020905101
220901144
165901110
230902102
108906045
161807009
101917113
003902001
101838101
095901041
101846102
101908105
095903001
070912110
109914001
015907059
015916008
021902107
091913101
227818001
094901104
170908110
139908001
057912109
071909042
101912115
014903044
220905210
071902123
084911041
084910115
057905192
227901165
201913001
227804101
095903103
001907107
015827002
057905381
108908113
057909105
170904042
139911042
226901101
101902047
220908123
221911041
092904103
014905001
014804003
079907040
057848006
181901041
227904115
108807010
029901001
101910041
043905126
150901101
015912104
220919043
153907001
243905119
108906129
015910042
101822001
233901112
084910120
101912209
233901001
071902169
043907046
227901250
057905162
108904102
015910105
057905188
220905151
057910129
015907176
057904104
112901108
126903104
220907122
030906001
057910006
043905003
101912234
057905219
152908041
133903105
057916005
108908042
152901185
020901005
129905104
192901041
020908009
043903002
031903041
146906003
220901049
101912396
101914046
031903120
031916003
220907046
015915115
043914043
101921103
145901102
246909007
074903103
057905079
031912007
054901041
015915134
170906108
161908004
188901141
215901102
057913111
015916104
014909041
021901107
095905001
057916114
246913120
209901001
130901103
194905001
178902041
177902102
220905084
126902043
059901004
220907111
123805001
227806015
031909041
084901010
057905288
014903102
015916102
220905052
139911104
214901044
003905004
241904106
071905131
227901012
043910165
126907001
126903108
043910103
002901041
204904001
181908001
015915058
220902120
246909043
072909001
226903002
108807136
057914048
167902003
003903201
071905104
101914123
011902101
227904003
101902098
108904044
071902134
043908001
178914001
170906051
091918101
220906111
241903102
156905001
057916048
108904130
057914005
246913101
084910005
230904101
015915161
091902101
101907144
014906100
101907112
108911041
101912462
198905002
057813101
043907108
221901121
015907025
057815001
246907002
061902121
102902041
070911107
057905170
072901101
227901161
071909123
246909127
220905057
057914101
220907108
108904046
108912102
101806042
046901107
101813107
246907041
227901121
011902003
057905166
101916105
154903001
101813112
061911112
021805105
246909130
186902041
015907061
232902101
092903004
117901107
227909041
015915150
071907041
220905144
014906132
025904001
048903001
101902105
235902105
101912217
126904001
057922101
101907116
101915107
057916113
249903001
094902102
227901036
123908107
066902001
227806032
005902001
170902067
071902001
015915183
183904001
043910134
220905177
046902041
146904003
015901041
170903103
043905111
126905104
031906103
060902001
174903041
015910049
100907101
086902001
026902005
161807007
101917145
174906001
092908001
221801048
246904101
161914112
226908195
031912001
015904101
220908110
014909107
101907118
071902051
220908107
071902156
071902115
170801003
091917001
072801117
246908102
101915003
226903038
246913118
015915105
101914010
129903102
101907122
068901105
071901002
079901116
003903141
043907007
057912116
003904102
236902104
212909102
170902001
221801058
152907106
129902041
083903001
108909041
130901105
158904101
220915002
020908108
015808007
094902003
220906107
186903101
227901184
062903102
105902108
015915024
101912042
101828001
081902041
251901104
195901001
220907123
057914116
187907041
246913106
045903106
084902003
031901054
050901101
163904041
015910125
079907111
152901177
079907146
246909002
057903042
188901142
227901051
188901003
199902106
101862002
043919041
108906112
015916041
027904101
191901101
016901041
043905006
043901110
108904114
220916106
057905303
101914102
175905001
152901173
057906002
200902005
184904001
015909104
101912369
043908102
057905144
152901191
057910054
101903118
227901154
108912109
237902102
108908003
126911003
091906002
161920102
227901105
220916005
220905163
072801113
146902003
071909116
143902101
015837001
227907104
127906041
101912039
084910125
019912200
248901101
067908001
084902047
057811102
227901156
227901114
120901042
243905108
101813108
220905115
101914138
101910114
061901125
101806001
037908001
200904001
102904041
036902102
109904101
101914108
071905042
008901101
015915035
139909108
043914046
218901103
187907004
015904041
031916001
161903104
101917046
152901155
227816005
220917041
057910011
220905048
071909102
043903043
236901002
101912056
015915104
220813004
152908101
227904119
015806106
068901106
179901103
101903104
047902101
201902108
101912225
221904104
220905060
116906001
043919102
101919105
079907046
101912460
101912473
031903001
220902105
101920044
243903041
084901108
220919041
060902041
057911104
101811001
031905003
220901136
227912041
208902109
175903041
212910002
042901041
015819102
108906005
101914051
043912102
057905100
037904102
011904041
188902101
178904134
015915112
202903101
084904107
101903041
079901042
240904001
129902107
165902001
101907002
101910110
227901002
165901111
101920124
049901104
061902042
214903001
249905103
111901001
239901101
057803110
074909101
212909001
057819001
015915022
226903117
047901042
057914125
068901103
123914102
101912100
108809001
061911005
071909002
108904112
101912468
113905101
109911041
015911103
220912113
057916133
243905121
245903003
101907045
084904108
101912007
014906049
057905117
240901044
057906110
031901121
230902103
101914009
145902001
196903042
015904102
191901002
031903112
214903103
212905042
240901002
021902112
219903102
101907007
079901125
101912198
109902001
057903129
094902112
057804011
057803041
071902052
087901001
101917136
137901105
220912106
108902006
057905283
109913041
101813049
057803104
236801001
031901009
252903041
091903002
221801014
031909001
101910002
057905018
221801059
057905057
025906001
014906129
220801001
101902107
101907139
071909047
020907106
014906133
031909003
101912344
057905116
152902041
019906041
101912303
002901105
071905128
108904113
129906106
101912466
235904101
015827001
178904138
101805101
079907116
101921114
071909118
243905118
015819002
170908106
001902041
101915104
148901101
015915042
108902112
101913121
107902104
084909103
083901041
240901110
212804001
206901001
181907002
221801006
084901041
108913001
015910047
003903044
091908101
101915117
084904116
227901133
061901041
011904002
021902047
221901138
240901104
043902041
152901159
084904001
161909004
043918101
081902043
108908107
061903002
170902068
108808104
246909105
102901103
246907001
126911041
220905063
001903041
015915106
109905010
034903001
169901042
230905001
057807001
252901101
043910007
101913124
101907046
021902003
057905203
241901001
028902001
161920001
220918105
101920122
241904102
057916137
108908111
101802041
240903054
019907105
020901110
167902101
112905101
057905302
246904102
016901001
031905101
153903101
226908001
170902108
057916047
221901006
101917104
227825001
057913042
057914131
121906001
220901146
108911101
220905026
105902101
101912194
079901124
250905001
120905041
108916105
238902001
108906043
043917042
184908041
108909126
070903102
015910128
015912102
061902141
101919124
084908103
015905113
071902161
070908003
152901166
057906108
015915128
240901121
101913041
072801140
057905059
161909001
145901002
061902127
020906104
101902013
220901055
220905021
107907001
246906101
227806041
107902002
108902117
246905001
123910041
244903104
043901044
101907150
220905069
226907104
225902041
015803101
105902001
101911005
094901102
221901120
125903001
057909046
084906014
015819001
153904001
220813001
092902101
015907114
126905002
156902101
152901062
214903003
249903041
061911115
220902108
015908109
220902121
121905001
101919121
101908043
057905209
071907003
043910120
170908101
057803102
028903001
036901101
057905009
108906111
220818001
246909106
123908042
073903045
234906103
220902101
170906012
116903001
125902101
174910101
174908001
008902041
057905226
108807003
031911002
101912175
116905109
036901041
057905014
101903045
057903046
161922103
079907102
015912106
019911041
102905001
014906117
108904043
112901105
107901104
057905207
068901043
101913101
079907141
101849105
094901103
217901101
205907001
108912127
172905002
159901110
174911001
167902055
220904103
165802101
212905049
123907111
246909016
188901044
170903002
108912113
108907004
014908101
086901102
187907104
057909144
007905103
057846002
163901001
071907104
015808011
212905116
076903101
043905050
116906041
230901101
232903101
108902115
101914135
161903102
220917104
015904108
049901004
101907054
070908108
015917104
015915114
057910133
146902105
101902125
057816102
037904104
101915130
159901122
220905001
186903002
227904109
091918001
123910011
234907102
176902002
096904001
015822002
158905102
170902051
108913005
057905052
021902012
197902001
043910131
019910101
050910102
020901112
057903120
035902101
015915132
227901103
170908107
031901134
091906035
158906102
246909139
227904102
079907012
071902151
084908104
220905056
057834003
120901003
221801039
116903104
070903101
249902001
229905001
014903103
220912107
227901046
116901102
227820041
057910136
101912269
057906042
031912043
191901105
043910102
246906106
031903105
001903102
108916005
109913001
057903113
071902144
152906103
239901004
071909001
031906107
237904102
148905101
101860003
097903041
157901101
015915053
057843101
015916118
220920004
027904001
101861102
221901155
082903103
057912108
071909049
152901180
031903042
161918101
101913114
091906105
108907107
015909007
237904041
101916042
108908101
189902101
163903041
195901101
101861103
220901005
201904041
032902002
094901042
101924001
079901002
071902054
108916104
174904042
031901135
101902048
020901102
057817101
246911107
015908043
127906001
126902006
015910145
019907111
022902001
108913106
241901101
240903116
161914107
015915001
101845005
101920113
220905085
152803001
057905096
101917127
153904101
027903103
043910130
022004101
108807106
112901106
123907041
079907119
057803002
227819101
098901001
220901047
043903001
021902110
220907124
240903103
227904117
057922111
170908109
178904047
079907123
113903002
014906104
107901041
220905139
003903121
109907041
015908110
067902101
057907112
227901162
007905041
091906111
101912291
101910045
250906101
015904117
160901001
015915057
101920116
101907136
152907042
101921109
180901101
107904101
007905004
020902002
015915192
220905123
121905103
220905138
061908041
214901108
101912325
227820001
046902206
227909102
108807006
020907102
072801142
094901002
101907129
020905001
057914656
057905023
101920120
031901133
101912256
227907102
101920043
161914005
101919021
101908109
018904041
129910041
034903101
018906001
108904131
101914132
227806017
108908038
220905180
043905008
220905251
061911118
152901069
101917012
071909117
101912187
057839101
057916050
186903041
244903041
108908105
071909119
070908042
101917002
101807101
129904041
101903012
221912041
003903004
182903104
161807002
227816004
057905088
101917120
057905244
121903041
031905001
004901101
220912109
043907113
246912101
220904101
014906050
226901001
220814101
054903002
101840102
212905102
181907001
091910101
014903108
133903103
221901002
110906101
108913118
050910106
220901153
227901055
091906104
084904101
071902136
058905001
057912105
161807010
189901001
208902041
028902045
034901001
101906042
101840103
161901005
095901001
182903105
057906008
101919001
177903001
057906007
178904005
144901001
116905004
220915108
061902105
057804003
015910109
227901060
234904041
043905131
003903126
116916001
071909006
178807101
053001041
070908001
057903114
161923001
046802001
057905241
015808010
085903001
057914041
123910001
020906041
028902038
061902004
220813002
015904002
061902131
167902002
108807104
184903103
057905131
061902136
108913112
021902114
011905101
220901102
031901143
108913008
243905006
227901187
112901107
034909001
015911042
057909052
057912007
234801001
061901006
010902041
220902009
178904052
101912219
071909106
021901102
079910103
140904041
101907125
161925101
203902101
188901052
001906002
065901101
068901011
226907002
033904001
071902141
172902001
057905054
108913117
079910008
034901106
043910126
114901044
220905103
227901109
061901049
028902102
227820102
236902101
210902102
057914102
220912111
057837102
079901119
031901136
220908106
071905051
043903101
147902002
015904042
021902118
015806101
220816002
015915113
186901001
068901015
061901111
220905009
009901002
108905101
220908003
043901118
057914104
240903129
019908002
251902101
091906042
031901127
094902001
101911006
188901042
079907110
018901101
021901111
169909101
057912020
084908001
011901110
108807023
139909007
014909044
071902002
018902101
015912101
101924014
015904116
101919045
101912179
108914041
110906001
178912104
101912232
057914001
003903123
220905051
057910126
220901126
061901126
015801001
057904042
108911103
114904101
057825006
152906105
057914114
033902001
101920125
014906001
046902044
101902155
057922003
043901105
101912057
235902112
126902001
227901183
071902175
020902104
101902003
094901109
079901123
235902042
057814004
110905001
221911102
220916045
246904040
027904102
015907125
099903001
036902103
098904101
246911103
015801002
181907102
250902001
130901002
181908042
031901122
015915117
061908001
172902102
175903001
108912044
034909101
246904002
212905044
083903103
101912182
227801002
240901109
249905001
079907005
055901001
071801001
019907042
079901126
020905104
038901102
166902101
027904104
057905304
101920049
101907154
070903103
108804003
057905157
015915250
057916127
171901101
028902104
015915158
220904106
101917045
163901101
108906007
014906135
003903122
101912124
101813048
094901106
123910126
155901103
101917004
091906101
061911008
220908005
079901118
070915101
079901105
001904102
165901114
101921102
152908001
230905101
226906002
015830102
072801128
227910111
101911113
031903110
246913045
220901003
247901004
108807123
167902001
071905108
128902041
043910117
021902014
101920018
126907041
236902048
071905105
128904101
101903140
194903102
013901104
071901106
015915023
227901007
129905105
091909041
022903101
071909120
057903001
043907197
057910123
227901047
137901005
036902105
101915112
014909118
092901042
075906001
212902101
108907001
108904107
201902041
079907133
057905035
233901104
220905122
212905041
140907101
214903102
247904101
220908105
015905106
070911103
057909157
161903101
057905025
015904047
101913120
057910102
045903004
057905360
178904122
100905041
101912077
170902077
057916131
108905041
133901002
043912103
101914053
108912120
015907110
101813113
015807101
126903004
239901103
055901041
227806025
015904010
101802101
071905127
101902102
101914012
220901050
057825012
101912133
216901002
101912470
081904003
220905133
212905047
071909046
057909002
057905069
212906112
211902001
220904003
236902002
020902004
243906101
108914004
101920010
057846003
182904101
015915166
108913113
220905018
148902001
220901151
108909045
043905133
101855101
101903113
074905001
057903125
101912478
074903104
220919103
015909105
046902042
100907041
184902107
021805101
178912003
015904103
227901112
025909102
072802001
070915041
101853105
106901101
170902073
212905117
013903001
101911117
021803001
057905105
230902041
246912042
246909044
220905137
105906115
101908106
227820043
079907150
101917117
015831001
240903118
221912107
101902103
174903003
146906001
212903041
129901002
043918002
101920103
067903001
101917135
224901101
043910141
018904001
178904009
015915185
170906001
091917041
043910052
071901103
050902101
123910012
101909008
187903041
101913197
015907157
190903001
046802008
107902041
108909115
050910104
227907108
101811004
220905176
057905233
057903123
101912003
057905180
015901104
030902041
125903101
042903160
057910130
101910115
015907117
243905001
068901046
057913001
100903042
070912043
031903104
113901105
141901041
015910014
057912161
014906043
101902090
015806003
101914117
246913114
034901042
170902126
071905117
048903191
089901101
015910006
187904041
057848008
212906114
057905168
057909051
020908007
108912115
146901041
094902113
104907001
043901042
101912480
014903045
048901101
176903101
043917041
108906048
015808005
014906022
091913105
129902101
101912310
220901134
101819001
046902002
220907001
084910119
227820101
236902008
101912475
071907101
161906105
003903131
101919116
099902001
003907102
105906103
057910104
079907001
137903101
170904004
057840001
094902111
057916118
065901041
233903001
227901129
108913109
246913111
246908041
084902104
101907049
108903041
249905042
101912275
108807001
219903101
070912109
057905152
163903101
043910049
057905272
090904101
057903116
031913001
071905014
015916112
111901002
108912048
220905124
241904042
068901124
236902102
243905004
220901124
133903106
205907101
015826101
171901103
084906010
177902105
161907002
220901101
220912103
015806105
061902014
031906042
044902041
117904001
043905121
188901105
057905128
250907001
061902115
204901102
199901002
015915125
220905153
220905190
057914107
072801101
091908041
007906102
101903199
014906128
015915055
201904103
176901101
015915156
166905101
110907002
071902119
161919041
199901112
057912046
032902104
247903004
003907004
112907001
055901102
220905002
101920123
031903109
043914004
246909110
101920005
045902001
187901001
105803001
073905006
146904001
101813105
101914105
014906124
101813044
057903106
243905109
061902055
031901117
091910001
101919122
177902004
015915143
227907105
043910212
161909102
015808009
025901041
015905109
227907109
205902103
101903121
061901102
057825005
101906106
139905001
015912108
101924110
170906105
015910115
095905109
184903105
007905104
084903041
108912104
105904001
107906002
139911002
184911101
127903001
220918002
019907116
043910200
057910137
215901041
235902117
015915148
227806021
059901102
101910008
234904001
107906102
021901041
201914104
227806009
170902053
101903117
126901103
101912117
015907144
110902041
014906006
015917001
015828001
116905003
101907157
071903103
120905101
251902041
043917001
208902110
057909007
237904106
101912149
003801001
072903001
015907057
165901030
061901048
227904105
007905007
246906103
097903101
094901108
002901001
246904105
110902003
221901010
235904001
215901001
220905067
128901041
061902047
220912102
128902104
101848101
015907112
071905116
178905041
015910022
172905102
161914002
171902041
240901003
057914004
220802040
186903001
108911003
101917138
015910007
213901102
079901004
102904104
240903117
178914041
057905355
181908041
146906103
101902151
178904132
071902153
018905003
118902101
043910122
057905286
047903001
002901101
079907131
043903042
188901135
101912227
043905103
057807041
220901052
246904003
057903008
071902046
091909110
175911001
015915138
079906001
061901113
057905380
220907119
123910133
057903007
094904101
133901001
057909154
024901001
220902110
071905048
101912248
057848007
101914133
079901005
043905107
040902001
220916120
031906005
252901105
057843001
101859101
043907004
117901105
108908041
116905002
061902108
108912041
084910121
116905041
200902101
181901102
020902109
170906104
129902106
178903105
101912188
152910041
077901003
170902131
057911105
158905001
010902101
073904101
101865001
141902001
220902113
163904102
015912044
036902005
015819106
057828002
071902165
015907126
057922043
220905017
014903109
202903001
214901105
220906007
178903041
015828004
246904199
061914102
101912245
191901113
170902107
108908001
092903123
101920114
220905080
043905140
101912119
061901044
079907148
101921108
084804101
220905211
170906103
101912011
201908001
144903001
057909113
227901145
220908101
014906105
123910132
043905007
061908003
238902002
046902007
244901001
079906041
090902001
101912158
046902110
020905002
057909102
152901183
057905126
161914109
015819108
184903001
057905021
073905104
091906004
205901102
057909042
101908007
081905102
161921104
057916044
101911012
057903112
180902001
094901111
057905225
228905001
232903109
043914045
056901104
101912152
126901001
220901125
057905071
187904001
220920102
220901149
186902104
061902117
072908001
101914041
036903102
043910044
101912053
070903106
178904054
061910042
165901105
108909003
084902115
095902001
014906119
009901041
031901051
066903042
112905001
227910001
057905120
020908102
072904101
220813006
015915051
101920016
094904001
245904002
227901122
152907001
108807015
059901043
015910137
101907101
061910041
015905044
092908103
015907118
061914104
247901106
084906102
101921112
181907103
031909101
161903001
201910002
070911106
057905239
014903005
227901177
101915123
108906101
227901065
146902007
020905110
123910048
233901113
178908101
068901110
236901102
071902010
220902001
101912116
154901102
233901004
101916107
220905005
008901001
174901101
071902042
101920117
220901056
101917130
031906101
101912224
239903001
015907240
146906102
227820044
057914132
029901105
101912373
101913008
205902105
101907056
097903001
220902116
061902142
220809001
129906104
043901108
161906002
071905133
243903103
101912046
253901107
184902108
108911106
235902045
057903110
062903001
108905103
121906101
220916123
057905083
101903145
071902040
245901101
239901001
110902042
141901105
161802001
014906127
101912110
101912292
031903204
095904001
229904101
092901102
020901042
130902001
101902085
108904108
253901101
101911114
057907105
220810001
220905066
165901002
161914101
188902001
242905001
015916115
212801041
057909043
125903041
057905229
057905195
094902115
149902001
015916101
246909138
227910112
015905046
015905112
015801003
223901005
240903004
184907041
057914129
015907023
057922108
057914111
214902101
043910048
015910044
108909121
101912072
071909115
220905054
101909105
031901141
086024101
201910041
101925001
254901042
057905193
221801054
138903101
185902001
227901035
220901131
101912229
079907049
014906109
007904002
246904104
005901001
116903101
250903001
015822004
057838007
227901107
031901045
084902007
101845011
057912104
061902101
220914041
084910043
084903001
092903121
007904001
220905129
108912045
220901045
079901008
101912394
079907125
043905113
025906160
027904002
111901108
232903104
220905172
084910006
178905101
057909134
094903102
249906041
227904120
246902101
224901001
101911016
246913117
101912467
240903111
043914110
101860004
061902107
143901002
161914130
101913045
235902126
221801057
146901103
139911101
101912019
084911104
015835003
061901045
220919001
252903001
071902150
246909118
220905101
105906108
094902042
107902103
101919106
015916106
240903128
015835004
178915002
108916003
185901001
101907141
094902002
007906041
101919047
246906003
226903045
090903001
089901102
101902069
082903003
057828006
072801107
108802101
108807035
101910006
057905090
057905007
178904123
246909137
170906052
175907001
101912163
043910145
057905191
014903114
035901041
050910107
061911116
101912210
101838104
015916006
084901014
101913102
031901103
220907128
079901009
031903118
057914042
015911104
161914120
159901113
057803047
096905001
110902001
220905040
108908114
047901001
166907001
246909042
126905101
231901001
101845001
015835002
141901103
101920041
071902106
079910001
073903041
220914001
043905117
101912337
212903103
018908001
101916043
101919102
071903001
210901001
187904103
046902107
057905218
101903122
014901101
184907101
226903112
108904045
057909048
246908006
101917014
180901003
043910142
015909103
014906046
015907186
067907041
031903002
108807110
229904041
101914045
043910046
101902045
220920001
108910004
089901103
196901102
091910041
220915003
229904103
220916114
234907042
108807111
220918007
002901104
077901101
071902146
057909158
057905119
101921111
220901155
133905101
246913108
188901109
084910011
191901111
090904108
182905001
116901101
165901122
108807109
045905002
027903104
220905161
102904010
212905001
071902043
043907122
108904123
240903121
057814002
227901128
084902106
220905131
220914101
105902041
031901130
220915105
031901137
245902041
101912006
079901139
221901112
152802101
161916001
101907011
070903042
198906101
146906041
057912162
057830001
015915004
116905102
071906041
108909124
020902001
220907101
014901102
031912104
184903102
079907008
227913002
230905041
108907003
101903043
015907049
126901004
240903044
226903108
169906001
102901002
243902001
043908103
220906044
198902101
047902041
010901101
031901042
220918041
015907202
178801102
084910002
015904011
101833103
057904105
004901102
212904002
226906041
212905045
015907022
068901128
015912107
057905240
020908042
240903130
247906101
161914104
221801047
057907005
007905005
064903001
220804001
064903102
163904001
015907140
057905008
057905284
071905142
057909119
227901064
220905168
057905281
220905014
220916112
101914034
218901041
075903102
071902155
071904103
043905120
057905206
108905102
015826102
108912124
057905268
227909001
251902001
084904105
061902044
061914108
057916002
126905041
015806001
030901101
101802102
015908042
240903109
129903105
227816003
178904116
061901114
019909002
015915135
061902140
220905150
205903104
084906041
013901102
043910003
043907117
101856103
071905129
221901116
227901175
020905114
245903105
125901102
111901102
031903123
061902054
125902001
101924107
188903001
220904104
220905019
015915043
161919042
182902101
043910042
017901001
227901058
161919002
220908046
070912108
226906191
214903042
178904148
057905274
254901001
185902101
227806040
178904152
108807124
164901041
101913115
101914011
108906044
129902109
084910110
188904101
003903140
147903105
043907104
167901101
220907044
057912048
101908044
188903101
074917101
011902103
246911102
202903041
242906001
043914107
057905024
220905116
100903101
074903102
019907107
227901164
101912181
071907042
107902001
108913110
108902008
178904046
214901041
057912050
015905116
037904042
108907006
070911102
101905041
178904012
101912485
108902047
230901001
246913123
107901003
095904003
188901131
015907142
057909004
043907125
015826043
212905107
249906001
250904101
240903115
003902004
057909143
220901161
233901043
072801136
057905076
116909041
081904102
101813005
220916115
053001103
015917041
105906005
084909002
043905002
079907140
108904110
061903041
220917102
026901041
170902010
220918001
057804010
015907121
205906105
101846005
057922001
101902112
102902110
216901180
178904108
165901113
220905141
232904001
043918103
245901001
101912231
020901111
015904048
199902002
114902101
159901115
200901101
226901180
101849101
220901160
128901042
084802002
043910043
014906008
178904154
101912257
146901102
161807011
015910122
108906127
011901005
123908101
221911101
057909129
240903053
071901101
101912299
246908005
057905210
220905120
101912382
221801044
015915011
212910101
101902082
011901033
245902001
174902002
015806041
188901041
101912138
092908041
015911105
246909121
175902001
184907102
220905146
227901131
061902124
057905136
101910043
111903101
101903142
171901102
146902042
027904041
101858005
070915001
165901020
078901101
084906105
083903002
220912114
079907101
170908006
083903101
015915039
147902003
101912094
084901012
043907044
161901101
178801101
008903103
079907011
057916134
175902101
057838001
031916041
158901104
014906042
015814001
079907038
045903102
036903101
015907239
015907179
116906101
015907143
015910043
101912240
101913048
230901041
168901041
057919001
246906121
101850101
057916111
108801001
137904101
165901109
057909127
170908114
182903041
240903107
101912259
220907002
249902041
227816001
057905017
057916102
220910042
108807024
159901112
246909122
084910010
220917004
041902180
063903001
072801143
031903116
031905002
088902001
057909049
071905122
101813114
221801061
184903041
137901106
220918109
020908112
057912042
171901106
225906101
170908042
057905140
036903001
101912378
227901138
101814103
178909105
043910133
015907242
057905048
105906045
170902111
101912358
020902102
015907162
139912102
101858002
119903001
220901046
188901134
057905280
161920006
163901102
161914127
050902103
183902001
212905108
057803107
185903101
219901101
101912251
035902001
212902102
172905041
101813109
220907104
161918001
170908045
043905001
237904101
057909146
220905044
188901119
057903132
057913102
221801041
101902065
101809001
101912018
225902105
188901101
101907124
071902168
107905102
169908101
060914001
057803005
205901101
207901101
057909110
101907047
084910009
246912001
015905125
175904001
108910103
175903042
228905101
227910110
018904101
057903121
014907102
101912071
041902001
101815101
184903042
101869001
184909041
071903041
108909119
057914003
234904002
057912004
152901162
101915102
233901110
101920131
043910213
227901170
108912110
101907003
220816102
170908044
062902001
020905111
165901047
142901102
101912283
123803041
184903108
085902101
183901001
031916042
163902001
031911102
015910054
227901193
178909005
046901042
101912154
057905354
102905101
220905104
057808102
226801003
252901002
220905157
046902045
003907041
220912110
062901001
125903103
057910127
101903114
015907169
127906101
058906103
014909110
034905041
021803104
020907042
107902102
139909105
210906101
221801060
041902101
031911001
046901108
243905130
140904001
101907152
084904114
094901101
031903004
212905111
101912121
008902103
065901001
101912297
049905101
015906001
188901103
057806101
034901107
079901110
039903001
071902167
174904111
108915001
039904001
001903001
061902110
203901002
220908008
014906123
057905032
227901043
149901101
092903001
057907001
061905002
116902101
167904001
220905220
220916105
003906101
061902132
057844102
145901041
220907121
108912106
043905110
228904101
057905190
163908001
108912046
015907005
101912199
116801001
105906114
061902138
101921001
233901103
040901002
043910109
101907143
227912001
061902109
014903001
244903002
014906048
227904107
046902117
183801003
234801002
119902041
014906102
061902046
101838001
057909159
184907001
092903126
102903103
220908205
043910160
108908104
212804102
084902107
031912112
227904114
227904106
014906126
191901107
015910050
072801103
013905001
101902111
187907002
101912476
031903108
057910121
048901003
152910004
220908112
043907109
092901001
001902103
240901001
170903042
104901041
243905105
101903044
015907141
220920003
039903101
057842104
025908001
116915041
234903041
212803001
057911103
147902042
246909125
084906101
152903006
226903111
061902050
199902041
101813046
156902041
042901001
015909002
092908102
043907116
091914101
178904115
079907145
057909047
088902102
152907041
161920002
101806101
020905109
101907130
100907102
097902041
211902102
220901163
123907043
057916142
068801001
108902105
057910009
229903103
015910102
250906001
178904150
061902139
220905111
043912001
220902045
220905242
226903001
091918041
071902130
101910105
061914042
043910056
108906009
227901027
057905133
152906001
057905072
191901104
101902109
227901032
057910003
147902104
178915104
071901001
101902063
015825001
199901001
101915103
057912122
043910025
171901001
227806007
168903001
061912101
220920104
015832001
227913102
221801027
043907005
057914130
073905102
101907057
220917101
227901059
043905123
139911102
075901102
091903114
043905051
101914047
221901152
112908200
220901120
101902005
057828005
033904102
054901001
015915177
061905101
061911046
015907134
050910101
084910124
016902001
220915102
031901101
101912329
130902041
220905121
192901101
161914044
074907101
170902104
043905139
109911102
101912023
101913127
079907126
161923041
050910042
101912204
071905102
057914133
057905045
101912151
070911105
057914047
170902123
074903041
108913006
071909122
015907139
107904041
057905108
057803101
071806001
057912123
161914007
227901181
105905102
057916130
061914041
015915195
243801001
019907115
220907112
101912260
043902001
108911007
057905058
184903109
101845101
108906042
101915042
089903041
194904042
101858004
220918114
101912458
086901001
196902001
108807102
057914115
057810101
057828004
153904041
122901001
101810002
043905102
170902078
145907002
028903104
243901103
015910045
101845002
057909180
254901104
057916123
101912340
101907149
052901001
043910045
031901102
101907140
079907151
220905135
057912111
243905107
015915041
220905225
057905285
227901132
116901001
161908002
101915045
057905178
101916106
014802001
101908101
129902001
019911101
152910101
101902066
194904103
108912114
230908001
120902001
170902128
101912233
061902135
101912285
220908116
093903101
011902001
165901117
220916107
170902117
036902104
101912239
057905065
226903043
019901002
104901001
227904113
130901104
071909101
043911041
161922101
026902001
060914102
170907102
246902001
227913001
101912223
227901140
170902125
015907131
201902001
031903005
071905145
246909107
015915052
066005101
102903041
100903002
246911011
231902102
015904044
071809001
057916109
243905041
198906001
194902001
001907110
095903102
252901041
015907184
043905046
246909124
133903001
061901120
015907137
079907004
120902041
001904041
101911102
109904010
108906114
057914043
071803002
101813043
226907041
015910107
224902001
235902111
071902111
046901105
108913041
101842001
101845008
095905103
105801001
057914113
014906025
111901005
061902112
204904041
048903002
043905010
057904107
221801046
057910007
240903122
161910102
220908204
057905039
143905101
108807108
031914003
146904102
015909001
061902049
240904041
073903001
188901128
071806003
246909003
014903119
101915115
059901001
101867001
136901101
107908101
014901001
014910101
015820002
221801033
227806031
111901105
015915050
079907109
015901102
152903004
008903041
178909101
014903117
246909051
048903195
101905105
070905041
046902112
177901003
146901001
152901157
253901105
071806005
015907054
015915184
117901041
043905005
101912189
015916030
057804002
071902045
031912116
227901144
020905041
226905180
072801144
108909128
113903102
108909042
163903001
108904003
178801001
165901104
050910110
014908005
235902115
093904106
226906101
123910006
043907107
101920104
072801110
123910112
227901009
117904041
101915113
101912249
127905101
101905001
229903041
057803105
244903101
061804001
031901111
057905187
101912052
057905047
147903103
043910114
205903103
057905194
116908102
084901009
101907119
015907006
101920101
075901001
246909052
025905001
226903120
251901101
015822007
043907105
057903122
020901045
133902101
227904111
221801045
094901110
043902104
101915120
014906130
071909114
183901101
157901001
220905049
220908045
232903046
079907045
015904004
161920004
227901025
101921043
065902001
079907144
072801130
129903041
057912113
015910041
129904001
243905111
015907135
178808101
049905001
084910105
161922001
084910112
183801002
101905106
221901154
220901053
220802102
108801005
175911101
230903041
161922041
246913047
109903001
125903102
043907041
126902111
243902041
220910101
107905101
057905156
140901002
089901104
015912041
220907125
101915108
170902130
071905017
169902101
077902001
241902101
015911043
226907001
007901001
057906102
146907101
203902001
123908105
155901102
043910132
221901150
184908101
071905044
071909126
108807114
126906001
059902101
015910140
071902009
240903125
220916044
101908102
070911101
147901001
043910125
188901110
126905042
071909130
220905209
220908207
015904046
108912006
084902001
101912345
182903103
113901041
071909129
108904103
178904146
102905041
121906041
084910045
061911044
101911123
114904001
244905001
070912003
134901001
152907002
101912321
079901043
101866001
048901005
101919114
165901107
101813042
020908008
141901102
108906001
129902104
085902001
071905110
015822006
070907001
212905118
165901101
058906004
057909120
037901041
031901132
101912311
003905001
221801064
101912049
158902001
227907106
101914120
243905002
101902164
161802102
225906041
101917108
240901106
077901004
218901001
084910044
115903001
220905011
182901001
221901103
139912041
246913119
001903002
227901189
015910009
107910101
181905102
003904005
101912220
101912026
014906044
049903101
069901001
049901001
212903101
243905128
201907001
057912112
101912170
092902002
220902111
178904003
043905044
189902041
166904041
079907132
101912213
194905101
101902064
220916119
021902041
138902041
031906002
165901116
220920041
084805001
142901104
007905001
108911108
062901042
220901103
092907001
171901104
071902008
240904002
227901143
101912216
123910131
220901159
101916041
031903107
101902118
057907106
008903001
229904003
057910131
101907044
227904042
221801049
071902163
101902153
101864041
015915047
227901171
057909003
092906041
158901001
079907135
071909008
220901143
015915111
057909008
123908104
057910134
036901003
031901123
057916126
227901014
031912005
220920103
015917003
101907117
220907045
101915048
123908111
187906001
050902041
226903119
178904139
108906124
137904001
015915186
046802010
043910101
101912153
101905104
178808041
108908108
163903102
020908111
101907108
108913002
015904107
212910001
014906125
246908103
181908102
220905188
227912101
074904001
127903041
019909101
101912106
061802003
057909124
246909045
236902042
170902045
199901109
057905276
101902008
227913104
071907103
061901039
205906001
057912041
126903107
123908041
133901101
220908125
152901023
230905102
084911102
101907104
071902024
031901002
220905053
101907053
126902104
043912104
144901103
031906041
020905004
059901101
170906010
057906043
175911042
227901152
121904001
101914111
101907134
108908044
014907043
220915104
174904104
015907173
101924041
160901101
084910001
014906004
015907165
006902001
234903042
227901062
226907005
101806102
015828006
043910140
220906106
114902041
043910144
180901001
246913107
057916124
227901192
043919001
201914105
220916111
015908044
227901106
105906043
154901001
101910108
015828005
031901124
014909005
057914045
220905061
015905118
101913109
101903103
057905003
227901127
188801001
045903105
100907003
198901001
100908101
003902041
101907012
101911125
236902108
167902057
129905041
031901047
015901002
011901107
071902133
246913012
047901041
093901101
226905003
170902101
143901001
210902001
247901104
226905195
003903120
092904003
015907194
152901007
220908109
043918041
014906138
235902123
015915167
220914103
108903042
057905149
057905266
240901008
084910042
101863001
028903101
108913114
071905123
015907146
079907129
015809101
094902108
043901101
220907120
187910101
101902163
214901110
220918104
101912034
227901026
146905101
108903103
101903123
015916045
210901102
180904101
229901001
152907109
226906001
025905101
011901001
101809041
050910105
221901124
046902003
220901135
220901139
003906001
015904109
129901001
094903041
011901103
205902101
101924109
091902102
138902001
045903043
227912002
031901109
101912113
159901105
091913001
129902105
220919101
220905221
061907101
049903001
177902104
057803045
061902008
015905114
061901112
020910101
091903102
246913110
057905265
101903002
220901004
057905260
071907106
247906041
101912274
069902101
057905085
139905041
254902001
165901129
170902201
108915101
100908001
095905105
232901001
170902102
101916102
031901108
117903001
101912102
125901101
015819101
243905123
188904041
237905106
015905002
057903111
090904002
108904101
152901194
101856101
081904001
123907102
020901001
092907101
015905108
152901163
091905001
043914044
007901003
108807103
161807001
031901106
108907041
227901141
161901004
101912352
070801002
243905047
015912109
170908113
108904125
015915227
043914104
101903006
246913042
043910010
043910135
046902105
015907153
059901040
155901041
126902109
057814001
105906107
223901103
108902118
015907148
101917110
243905207
014906009
057802001
046902121
252901104
101907109
079907108
235902013
102906041
101907008
101924104
101912167
113901002
240903131
220918005
057922103
014903111
220905194
061907001
170903051
041901003
110902106
108912008
057803006
015907004
101917055
214901004
228903001
116905005
043907120
205902001
094904041
072801138
020908002
021902017
220907039
193801001
220908041
108904048
084908042
101902106
227909105
108908002
092901104
101912132
084901042
060902101
116908001
167902056
187904104
152903001
072801115
108906116
161918199
220908042
208903001
056901001
246909134
059901106
101912263
220902118
043905118
227806039
039902001
235902041
057903128
091903041
015910101
084911101
196901001
133903102
031905041
246913122
043910115
143901101
205904102
043801001
101906104
227913106
031901139
108912117
020904041
125901107
227803101
077901001
015915103
015910116
043905043
084911001
091903104
057914002
161903107
165901125
160901041
095901101
101910106
014909008
101915114
084906001
057828001
243906001
178904124
200906101
036902301
177902041
240903048
015907053
101914121
241906041
116905108
220901006
021902106
108912004
031903003
001908101
090904107
049906001
057905122
015916103
031903103
015916105
057909132
121903001
221904042
101912185
108909122
152901189
250907041
071905134
164901101
119902002
101925101
115902001
101902044
003903128
013905101
108913103
015817001
238902041
221901048
070908105
220901162
071902103
079901003
146903041
247904001
220907005
165901006
062904001
057910116
061901046
108906006
110906002
026902101
139905101
100904001
046901106
243905115
152901061
076904101
152901186
071901102
101912156
126905105
021901105
221801063
015907064
172902101
219901001
030902001
101912109
057803112
126905001
019907003
246906104
240904102
057909128
084910050
094902109
181907041
235901103
126911101
061902119
205904101
101902061
057910125
101912015
105905041
043901114
079901107
178913101
178912041
108909130
101812001
101915126
221901003
240901115
061911120
129902102
188901002
142901041
227909106
147902101
057838009
015909101
118902001
227901104
159901106
100903003
101912178
084904102
101917132
043901113
235902101
007902004
131001103
101907153
115901101
108807007
101905107
221901044
068901132
043907043
220916103
057916122
209901101
212902103
133901003
108802102
057916143
101912286
101912298
139911103
018907001
139909042
101920126
057905237
243906002
227910101
198903101
036902006
031903117
170902005
050904001
152901187
126908102
093901001
015910147
108909008
061911045
001906040
101919022
188901049
094902110
221901153
046901002
123914101
116901041
176903001
101917044
071905114
057905053
019909041
129901101
165901123
061902001
079907048
168902001
057912124
057909121
057905148
057905201
079901138
091901041
205902102
043905049
108902004
101917048
123907009
220916002
021805104
140907002
227904112
015916116
108904117
057843041
124901041
057807105
168901003
015808012
204904101
126904041
152901164
101920045
220905160
075902001
101914131
021805002
102902043
109901001
035901001
101919129
246907201
079901127
068901014
091901001
220916125
230908101
220901008
057912002
015915136
057905389
091909101
057905199
241902041
071905101
015822005
101917118
152901176
101919108
015915013
015915168
123910043
108909125
071806002
057837041
177902101
101846003
043904001
079910041
008901105
079901120
108906120
031901144
220901128
178909001
101907113
084910047
092801001
071905005
227910043
057912005
227817101
015904043
014906110
184902041
079907124
026903002
221901125
025901001
247901001
057909137
220901114
079910101
227901015
247903001
071909044
116910101
061902143
101913044
101912043
014803003
101909003
036901004
108807122
072902001
092907103
220912002
057830002
057905352
108913044
056901002
080901041
015912011
108909009
057912101
227901142
109911010
072903103
107906001
221901047
101902165
220901117
071902011
049901107
043905105
043918001
243905131
001908041
188901104
101909044
226906150
206902001
091903001
170902120
025909041
101907058
158906002
205901104
057910005
101924102
109913101
159901116
071902025
187906101
170902003
067907001
057910050
015911102
117903101
061905041
214901001
101903110
061901005
057905001
102902101
057916128
101912196
043910129
091917101
068901126
220906006
220915001
101919109
043910123
018902001
071810001
126902003
249903101
015805041
129901102
178904130
057804006
015910008
057905109
130901041
101914044
212903001
071909127
095905107
227901008
227901054
227901172
220906108
101907055
094902103
